000000000000
000000000001
000000000010
000000000011
000000000111
000000001001
000000010001
000000010010
000000000011
000000000111
000000011001
000000100001
000000100010
000000000011
000000000111
000000101001
000000110001
000000110010
000000000011
000000000111
000000111001
000001000001
000001000010
000000000011
000000000111
000001001001
000001010001
000001010010
000000000011
000000000111
000001011001
000001100001
000001100010
000000000011
000000000111
000001101001
000001110001
000001110010
000000000011
000000000111
000001111001
000010000001
000010000010
000000000011
000000000111
000010001001
000010010001
000010010010
000000000011
000000000111
000010011001
000010100001
000010100010
000000000011
000000000111
000010101001
000010110001
000010110010
000000000011
000000000111
000010111001
000011000001
000011000010
000000000011
000000000111
000011001001
000011010001
000011010010
000000000011
000000000111
000011011001
000011100001
000011100010
000000000011
000000000111
000011101001
000011110001
000011110010
000000000011
000000000111
000011111001
000100000001
000100000010
000000000011
000000000111
000100001001
000100010001
000100010010
000000000011
000000000111
000100011001
000100100001
000100100010
000000000011
000000000111
000100101001
000100110001
000100110010
000000000011
000000000111
000100111001
000101000001
000101000010
000000000011
000000000111
000101001001
000101010001
000101010010
000000000011
000000000111
000101011001
000101100001
000101100010
000000000011
000000000111
000101101001
000101110001
000101110010
000000000011
000000000111
000101111001
000110000001
000110000010
000000000011
000000000111
000110001001
000110010001
000110010010
000000000011
000000000111
000110011001
000110100001
000110100010
000000000011
000000000111
000110101001
000110110001
000110110010
000000000011
000000000111
000110111001
000111000001
000111000010
000000000011
000000000111
000111001001
000111010001
000111010010
000000000011
000000000111
000111011001
000111100001
000111100010
000000000011
000000000111
000111101001
000111110001
000111110010
000000000011
000000000111
000111111001
000000001010
